0.162921
0.035637
0.239302
0.113816
0.206269
0.202689
0.172409
0.201808
0.119404
0.205799
0.129794
0.172612
0.032734
0.099027
0.231476
0.126190
0.092919
0.079694
0.167114
0.191461
0.151663
0.197899
0.221788
0.162613
0.008177
0.078288
0.218967
0.229855
0.209769
0.089393
0.113330
0.122690
0.125030
0.102632
0.236506
0.081299
0.055321
0.158915
0.033107
0.174725
0.114715
0.162901
0.097337
0.147449
0.011929
0.078813
0.023639
0.104848
0.158507
0.190752
0.046309
0.060170
0.138651
0.018097
0.222782
0.146828
0.096385
0.191749
0.126683
0.056154
0.031142
0.240012
0.178844
0.156172
0.092645
0.165350
0.237471
0.147966
0.074265
0.020578
0.072691
0.188979
0.183479
0.170028
0.086428
0.195408
0.248841
0.110067
0.050256
0.157348
0.050819
0.096565
0.217518
0.189470
0.114662
0.190301
0.086298
0.211047
0.132049
0.212981
0.017201
0.163191
0.202993
0.196045
0.069363
0.045638
0.111395
0.056833
0.193603
0.185660
0.077411
0.016294
0.124640
0.010891
0.186322
0.211068
0.206298
0.185164
0.071135
0.006554
0.092512
0.121954
0.103119
0.060030
0.061424
0.217781
0.000331
0.147722
0.178827
0.132380
0.110702
0.196029
0.045571
0.063695
0.142074
0.114934
0.109333
0.003469
0.171767
0.052936
0.189130
0.249178
0.069230
0.063769
0.010069
0.005553
0.024837
0.216367
0.190716
0.095972
0.222922
0.033228
0.217925
0.076040
0.093258
0.029349
0.043821
0.093589
0.177071
0.222649
0.225969
0.037773
0.168677
0.021540
0.101468
0.060751
0.136474
0.210801
0.064221
0.058241
0.013737
0.003350
0.057420
0.082967
0.067119
0.067489
0.088520
0.091956
0.033856
0.029236
0.187928
0.006778
0.062465
0.155853
0.082818
0.155723
0.185202
0.126639
0.249312
0.112273
0.099288
0.225282
0.150046
0.017965
0.246822
0.001514
0.078716
0.133296
0.212315
0.142937
0.191537
0.226051
0.146287
0.248957
0.059019
0.213406
0.066446
0.147539
0.055363
0.100302
0.176775
0.243291
0.107079
0.239240
0.149144
0.189897
0.144963
0.084346
0.066537
0.144275
0.196619
0.165824
0.119556
0.096664
0.183789
0.116378
0.098178
0.012505
0.249674
0.060493
0.155442
0.191211
0.036544
0.051729
0.190168
0.095562
0.015135
0.006614
0.243101
0.070498
0.106916
0.169876
0.063789
0.213995
0.159115
0.212932
0.153892
0.054078
0.047278
0.220429
0.198353
0.243897
0.136253
0.067909
0.090561
0.070042
0.184288
0.188739
0.082548
0.183962
0.249232
0.237990
0.125173
0.035776
0.039719
0.065341
0.131338
0.054854
0.071955
0.124439
0.125352
0.178871
0.044315
0.189141
0.142866
0.203431
0.152073
0.046758
0.007509
0.199351
0.017187
0.205861
0.193248
0.153440
0.023771
0.033809
0.223483
0.208058
0.222549
0.056031
0.142020
0.221781
0.044020
0.017193
0.007556
0.083739
0.082535
0.138895
0.138594
0.154490
0.013334
0.013946
0.083361
0.057649
0.203087
0.226227
0.011080
0.105160
0.022985
0.018588
0.054512
0.040173
0.224450
0.247760
0.193613
0.248220
0.031569
0.167096
0.206279
0.004118
0.223126
0.098299
0.225898
0.017147
0.115492
0.233455
0.100886
0.198026
0.122350
0.239480
0.102516
0.135684
0.003426
0.185877
0.193333
0.206513
0.162104
0.204413
0.061673
0.185089
0.223001
0.116185
0.225262
0.197451
0.113945
0.168875
0.195671
0.145514
0.085971
0.151950
0.149632
0.059097
0.000249
0.125530
0.076244
0.115740
0.108985
0.177130
0.063766
0.231334
0.166610
0.166282
0.117018
0.170036
0.102159
0.060351
0.126549
0.014263
0.014764
0.188223
0.199352
0.237765
0.054408
0.174614
0.185216
0.168353
0.093488
0.130888
0.063867
0.179459
0.032838
0.213498
0.238556
0.033086
0.089029
0.064800
0.148827
0.198013
0.241930
0.212593
0.179348
0.158540
0.128875
0.046366
0.078576
0.231034
0.106717
0.205125
0.245297
0.121481
0.143348
0.194649
0.109247
0.197756
0.119263
0.044463
0.116109
0.212751
0.175351
0.179975
0.142210
0.208189
0.143474
0.130766
0.241275
0.232502
0.195566
0.140102
0.180516
0.187496
0.102695
0.109864
0.096036
0.231570
0.156229
0.174611
0.212604
0.012947
0.129737
0.207901
0.134428
0.023085
0.152551
0.243675
0.220841
0.021814
0.038138
0.086950
0.234565
0.213489
0.016925
0.126775
0.171677
0.160399
0.007542
0.162953
0.142901
0.203108
0.053054
0.073417
0.140604
0.155749
0.183281
0.236639
0.137319
0.089510
0.161251
0.099923
0.102457
0.040987
0.057824
0.236884
0.064072
0.210375
0.230559
0.034913
0.232188
0.018697
0.121863
0.216753
0.232185
0.138788
0.093529
0.153862
0.049186
0.101071
0.066815
0.192088
0.054178
0.119869
0.015505
0.194782
0.025618
0.198785
0.181421
0.162937
0.038295
0.092672
0.012860
0.140752
0.133659
0.070684
0.127636
0.197732
0.031059
0.108195
0.232645
0.013247
0.126892
0.104507
0.230000
0.109077
0.243295
0.073529
0.012940
0.042481
0.174600
0.079755
0.234569
0.228778
0.199624
0.000074
0.173561
0.225243
0.198859
0.104982
0.138180
0.237154
0.197654
0.151040
0.127906
0.081313
0.221724
0.005543
0.029045
0.002783
0.113738
0.011689
0.016030
0.240630
0.116197
0.246031
0.099707
0.109491
0.069560
0.112647
0.151972
0.244160
0.192401
0.136541
0.222938
0.142026
0.136615
0.146499
0.117268
0.085474
0.001481
0.005448
0.072628
0.199134
0.156488
0.200534
0.030448
0.128212
0.206077
0.059492
0.130995
0.069815
0.071181
0.147025
0.060445
0.187378
0.143056
0.160152
0.046869
0.212616
0.022798
0.198842
0.206776
0.215200
0.085383
0.179714
0.107225
0.221997
0.076213
0.224493
0.057471
0.077694
0.229941
0.130099
0.026828
0.136429
0.080633
0.057275
0.014641
0.036709
0.116768
0.145637
0.106524
0.187949
0.042662
0.166968
0.125327
0.185718
0.077120
0.172196
0.148334
0.099919
0.121038
0.105109
0.065118
0.206421
0.034823
0.172344
0.178418
0.111036
0.146837
0.235889
0.188729
0.126778
0.115988
0.215557
0.013208
0.196621
0.022833
0.027849
0.233330
0.139601
0.173486
0.089854
0.077550
0.216148
0.006822
0.202877
0.151866
0.083942
0.125073
0.050199
0.183861
0.246111
0.155308
0.248979
0.202532
0.190131
0.171323
0.130950
0.051167
0.068160
0.116839
0.239897
0.194938
0.232827
0.205454
0.208146
0.179447
0.228287
0.235995
0.162777
0.117888
0.159481
0.002631
0.195437
0.125629
0.009453
0.148314
0.027495
0.093395
0.023387
0.077694
0.027256
0.019498
0.233002
0.026235
0.222030
0.173133
0.197558
0.102979
0.224300
0.015718
0.219818
0.214197
0.210656
0.202645
0.169651
0.168802
0.132092
0.147938
0.154798
0.044869
0.015826
0.064279
0.047500
0.211263
0.189908
0.056953
0.109577
0.217403
0.150348
0.132964
0.045097
0.177604
0.152462
0.028099
0.203840
0.124492
0.201232
0.151398
0.227471
0.175532
0.167116
0.197289
0.139729
0.127772
0.149934
0.059381
0.046575
0.032026
0.207319
0.201372
0.076895
0.223145
0.015652
0.124395
0.184408
0.205560
0.181348
0.043985
0.172963
0.081696
0.176949
0.218060
0.009301
0.079411
0.246158
0.213140
0.203902
0.197390
0.114538
0.181374
0.122922
0.031654
0.128663
0.012651
0.159426
0.028597
0.072032
0.206001
0.060624
0.029351
0.157373
0.137519
0.002496
0.173025
0.011914
0.186904
0.128585
0.193262
0.230888
0.051548
0.024959
0.157837
0.019608
0.034259
0.237248
0.015766
0.247400
0.191150
0.213156
0.111938
0.122524
0.086078
0.143592
0.001187
0.098730
0.053019
0.029784
0.170762
0.009020
0.090408
0.200113
0.166393
0.227927
0.202608
0.089418
0.239841
0.139512
0.218003
0.183103
0.120401
0.019551
0.208062
0.028238
0.039159
0.242322
0.015486
0.054925
0.239721
0.206636
0.018081
0.101660
0.079160
0.104159
0.245252
0.080347
0.202889
0.048271
0.110131
0.123650
0.057290
0.200539
0.073763
0.223683
0.178466
0.026371
0.063101
0.168307
0.165883
0.031104
0.101410
0.036284
0.050655
0.059472
0.064522
0.089814
0.051793
0.080008
0.144739
0.041515
0.036644
0.162821
0.143175
0.115804
0.016980
0.138427
0.196151
0.219869
0.186697
0.056282
0.093519
0.243988
0.006820
0.167282
0.217671
0.185286
0.193653
0.030772
0.103592
0.109537
0.061876
0.205002
0.145821
0.112531
0.014474
0.210342
0.202345
0.066268
0.040350
0.097085
0.107783
0.076994
0.009905
0.000957
0.192797
0.026885
0.139384
0.138948
0.246754
0.076081
0.195230
0.090273
0.070069
0.202050
0.007555
0.037739
0.137336
0.201208
0.068511
0.240928
0.060745
0.130387
0.195931
0.206565
0.242918
0.210405
0.166908
0.195263
0.026673
0.207258
0.042348
0.134455
0.034252
0.052253
0.135413
0.227049
0.079138
0.024796
0.115997
0.075892
0.100878
0.061227
0.166164
0.170946
0.013277
0.173719
0.208686
0.150613
0.124927
0.027197
0.141542
0.185672
0.157584
0.087472
0.142237
0.150502
0.047877
0.059145
0.095765
0.074550
0.016403
0.138113
0.209005
0.050654
0.190366
0.094418
0.027704
0.019504
0.119214
0.143701
0.095395
0.220092
0.204928
0.011560
0.141038
0.218205
0.185279
0.099724
0.118818
0.060206
0.126921
0.010359
0.245878
0.034505
0.097832
0.138115
0.185007
0.145709
0.197260
0.030772
0.220259
0.213663
0.168885
0.179264
0.014317
0.109251
0.023682
0.042021
0.128755
0.142896
0.185721
0.224150
0.112988
0.140649
0.235710
0.004026
0.108854
0.170989
0.103750
0.227672
0.231195
0.230671
0.238031
0.227073
0.015176
0.085863
0.115188
0.200183
0.231572
0.062448
0.230955
0.201831
0.026110
0.149840
0.131095
0.040427
0.009091
0.154777
0.082448
0.137846
0.047674
0.018169
0.111996
0.160662
0.158818
0.097706
0.164688
0.017672
0.018695
0.018438
0.245344
0.249890
0.249109
0.233376
0.226963
0.014285
0.069239
0.092151
0.214468
0.050811
0.154598
0.195423
0.002642
0.180708
0.095263
0.133737
0.221136
0.104354
0.038515
0.053583
0.242200
0.086188
0.071752
0.104197
0.246850
0.230571
0.201903
0.161538
0.248243
0.220598
0.179976
0.243588
0.220488
0.179085
0.226964
0.197451
0.193370
0.046202
0.039601
0.157838
0.097013
0.194200
0.103261
0.099655
0.124908
0.198524
