444 52
420 16
424 20
416 8
132 212
412 4
436 44
432 36
436 476
424 28
440 456
432 44
120 180
444 444
452 432
460 412
128 184
444 48
456 424
136 220
432 28
452 404
444 432
456 364
452 420
448 416
452 408
316 312
452 400
460 376
440 444
456 404
444 464
420 8
352 428
336 236
476 384
132 204
120 144
364 468
448 412
424 480
424 480
332 244
436 428
368 480
464 368
464 368
340 416
464 376
464 408
308 276
308 276
328 236
328 224
344 424
128 204
440 40
468 376
332 408
472 364
472 364
476 360
460 424
488 372
504 372
504 372
348 432
340 408
468 360
360 444
480 388
308 264
360 452
324 224
336 428
308 280
48 276
48 284
460 332
452 380
340 420
464 356
464 356
472 332
472 332
328 400
52 280
480 368
52 316
52 316
464 320
464 336
428 480
428 480
312 284
52 336
364 480
328 404
496 376
492 368
324 236
352 452
420 32
464 328
48 272
364 456
124 144
124 144
332 216
52 312
464 324
488 356
356 452
460 324
460 324
460 324
460 324
48 336
52 384
480 336
468 316
480 336
48 324
348 456
44 148
316 232
340 428
480 352
468 312
364 484
52 348
44 276
472 304
484 336
508 376
52 252
48 252
48 320
348 448
48 152
52 416
44 256
488 288
488 288
504 360
480 328
40 276
480 304
492 308
320 224
504 348
40 416
48 300
340 440
52 360
52 192
488 344
488 384
488 384
328 416
44 364
48 236
440 424
356 472
40 260
292 356
48 212
308 240
48 380
496 304
344 448
500 340
52 228
132 184
308 232
328 420
40 152
488 324
308 248
48 204
48 308
44 360
484 292
40 428
44 176
52 188
48 140
48 192
480 300
488 316
48 428
40 288
364 496
136 204
48 228
48 164
56 472
500 328
44 140
48 232
40 76
40 76
40 76
488 292
48 420
40 432
320 396
40 296
304 236
500 300
480 296
44 156
44 156
488 320
492 340
484 296
484 296
52 144
44 208
316 248
304 228
360 492
8 60
48 4
44 224
36 76
344 460
52 168
40 412
496 316
492 292
48 424
48 424
136 224
504 296
136 232
56 488
40 220
44 76
408 132
12 52
456 336
460 320
44 336
332 436
456 436
40 92
368 504
44 504
392 124
40 216
340 232
36 264
36 264
36 272
